logerr frac
-17.0 0.030303030303030304
-17.0 0.06060606060606061
-17.0 0.09090909090909091
-17.0 0.12121212121212122
-17.0 0.15151515151515152
-17.0 0.18181818181818182
-17.0 0.21212121212121213
-17.0 0.24242424242424243
-17.0 0.2727272727272727
-17.0 0.30303030303030304
-17.0 0.3333333333333333
-17.0 0.36363636363636365
-17.0 0.3939393939393939
-15.932255370435463 0.42424242424242425
-15.840120372014102 0.45454545454545453
-15.692477840557393 0.48484848484848486
-15.666048920196767 0.5151515151515151
-15.531017734860699 0.5454545454545454
-15.397685142292 0.5757575757575758
-15.176888950213774 0.6060606060606061
-15.030931737223328 0.6363636363636364
-15.005742292638384 0.6666666666666666
-14.868569099613072 0.696969696969697
-14.11967432797262 0.7272727272727273
-13.70675597610013 0.7575757575757576
-13.572662897129293 0.7878787878787878
-13.047177932830866 0.8181818181818182
-12.41555369415473 0.8484848484848485
-11.697718752936233 0.8787878787878788
-4.775383049538254 0.9090909090909091
-4.726634912971003 0.9393939393939394
-4.261645020837105 0.9696969696969697
-4.2411543244202035 1.0
