logerr frac
-17.0 0.011111111111111112
-17.0 0.022222222222222223
-17.0 0.03333333333333333
-17.0 0.044444444444444446
-17.0 0.05555555555555555
-17.0 0.06666666666666667
-17.0 0.07777777777777778
-17.0 0.08888888888888889
-17.0 0.1
-17.0 0.1111111111111111
-17.0 0.12222222222222222
-17.0 0.13333333333333333
-15.93639024482057 0.14444444444444443
-15.917231574258729 0.15555555555555556
-15.912542144551846 0.16666666666666666
-15.900938392720626 0.17777777777777778
-15.887922145299935 0.18888888888888888
-15.886618752201388 0.2
-15.866097447776374 0.2111111111111111
-15.85563952183226 0.2222222222222222
-15.807127027728404 0.23333333333333334
-15.8001655862908 0.24444444444444444
-15.778498511135322 0.25555555555555554
-15.769701848774965 0.26666666666666666
-15.75228941561132 0.2777777777777778
-15.743656182788536 0.28888888888888886
-15.704353040899633 0.3
-15.702305398824992 0.3111111111111111
-15.701418981149867 0.32222222222222224
-15.694149385983145 0.3333333333333333
-15.692477840557391 0.34444444444444444
-15.688321881170419 0.35555555555555557
-15.678814282758871 0.36666666666666664
-15.671420401344388 0.37777777777777777
-15.664596549003651 0.3888888888888889
-15.664351981914638 0.4
-15.65744473363997 0.4111111111111111
-15.649429797387869 0.4222222222222222
-15.627375650664519 0.43333333333333335
-15.615954274916318 0.4444444444444444
-15.576662112539374 0.45555555555555555
-15.568859678754468 0.4666666666666667
-15.563103519638206 0.4777777777777778
-15.469611401594854 0.4888888888888889
-15.43665709524351 0.5
-15.434004348423777 0.5111111111111111
-15.423479626718244 0.5222222222222223
-15.40948904696156 0.5333333333333333
-15.399712618482692 0.5444444444444444
-15.37483278702645 0.5555555555555556
-15.37151397785507 0.5666666666666667
-15.29670297346977 0.5777777777777777
-15.222617453222606 0.5888888888888889
-15.171511139829498 0.6
-15.141157669903412 0.6111111111111112
-15.099358989821907 0.6222222222222222
-15.093638271257129 0.6333333333333333
-15.03008412650895 0.6444444444444445
-14.975260271195818 0.6555555555555556
-14.972236013359865 0.6666666666666666
-14.962040794679552 0.6777777777777778
-14.934944184370028 0.6888888888888889
-14.926886147105355 0.7
-14.89724272404559 0.7111111111111111
-14.827445933504794 0.7222222222222222
-14.792033757450637 0.7333333333333333
-14.780094331405287 0.7444444444444445
-14.73528478050404 0.7555555555555555
-14.729446169093416 0.7666666666666667
-14.70252700175176 0.7777777777777778
-14.697115006398036 0.7888888888888889
-14.658152077026477 0.8
-14.601803443864664 0.8111111111111111
-14.600984877746983 0.8222222222222222
-14.54132068326459 0.8333333333333334
-14.465571087009181 0.8444444444444444
-14.3667015784371 0.8555555555555555
-14.36651846231292 0.8666666666666667
-14.32143503995786 0.8777777777777778
-14.2769200039472 0.8888888888888888
-13.993816975030194 0.9
-13.930396539421398 0.9111111111111111
-13.80392261840898 0.9222222222222223
-13.07287304418901 0.9333333333333333
-12.938839359390277 0.9444444444444444
-12.146760019428582 0.9555555555555556
-10.760903432750696 0.9666666666666667
-10.654864789403808 0.9777777777777777
-10.006867751073875 0.9888888888888889
-8.58209156551006 1.0
