logerr frac
-17.0 0.008264462809917356
-15.954589770191003 0.01652892561983471
-15.777953746011779 0.024793388429752067
-14.760454008441679 0.03305785123966942
-14.716550397836244 0.04132231404958678
-14.713782494921656 0.049586776859504134
-14.608671420932858 0.05785123966942149
-14.574378528479397 0.06611570247933884
-14.539616422220185 0.0743801652892562
-13.95709094391726 0.08264462809917356
-13.521861827394046 0.09090909090909091
-13.197585785564435 0.09917355371900827
-12.929178049140807 0.10743801652892562
-12.481381581230467 0.11570247933884298
-12.410745714019834 0.12396694214876033
-11.977140542808662 0.1322314049586777
-11.95784831548602 0.14049586776859505
-11.860105852321999 0.1487603305785124
-11.829860601172904 0.15702479338842976
-11.720091599234392 0.1652892561983471
-11.569413529066106 0.17355371900826447
-11.510752723117005 0.18181818181818182
-11.380822712577356 0.19008264462809918
-11.252163542243853 0.19834710743801653
-11.21555272480624 0.2066115702479339
-11.188963563923641 0.21487603305785125
-11.178902581360516 0.2231404958677686
-11.039946040576515 0.23140495867768596
-10.953600705877607 0.2396694214876033
-10.900074966741888 0.24793388429752067
-10.831361850892513 0.256198347107438
-10.680112343888121 0.2644628099173554
-10.62490158453366 0.2727272727272727
-10.60109588940064 0.2809917355371901
-10.560163256983966 0.2892561983471074
-10.544081000165914 0.2975206611570248
-10.540396750782419 0.30578512396694213
-10.429007153048023 0.3140495867768595
-10.422761030273087 0.32231404958677684
-10.373695692363892 0.3305785123966942
-10.331751034658348 0.33884297520661155
-10.32193109119931 0.34710743801652894
-10.280839689703821 0.35537190082644626
-10.263640936876781 0.36363636363636365
-10.26098924054378 0.371900826446281
-10.260342501891392 0.38016528925619836
-10.234563260706166 0.3884297520661157
-10.181529411813088 0.39669421487603307
-10.15791043209187 0.4049586776859504
-10.156637462000011 0.4132231404958678
-10.153706430211372 0.4214876033057851
-10.151249504357612 0.4297520661157025
-10.147762631716446 0.4380165289256198
-10.101796041063954 0.4462809917355372
-10.081635960007212 0.45454545454545453
-9.952820963005376 0.4628099173553719
-9.931452663352749 0.47107438016528924
-9.925732335297914 0.4793388429752066
-9.866638688259387 0.48760330578512395
-9.786659042359608 0.49586776859504134
-9.773477401959891 0.5041322314049587
-9.736325331457845 0.512396694214876
-9.671997492230698 0.5206611570247934
-9.661536657304115 0.5289256198347108
-9.625829951922864 0.5371900826446281
-9.609084752670242 0.5454545454545454
-9.547424237942547 0.5537190082644629
-9.53647868868873 0.5619834710743802
-9.491614637418234 0.5702479338842975
-9.45601603726509 0.5785123966942148
-9.449620244698007 0.5867768595041323
-9.389981603648431 0.5950413223140496
-9.386164993683478 0.6033057851239669
-9.320253731676255 0.6115702479338843
-9.29684583709917 0.6198347107438017
-9.285396523053977 0.628099173553719
-9.282326222254655 0.6363636363636364
-9.2801446817532 0.6446280991735537
-9.19751960531653 0.6528925619834711
-9.193177711750563 0.6611570247933884
-9.171583306845784 0.6694214876033058
-9.164851682294938 0.6776859504132231
-9.164255399500112 0.6859504132231405
-9.088263728830912 0.6942148760330579
-9.084235220704283 0.7024793388429752
-9.075238202030702 0.7107438016528925
-9.071840515952374 0.71900826446281
-9.06827565978316 0.7272727272727273
-9.040929267122843 0.7355371900826446
-8.970447754657124 0.743801652892562
-8.957497274339214 0.7520661157024794
-8.93335671204341 0.7603305785123967
-8.931900251518371 0.768595041322314
-8.931422454298508 0.7768595041322314
-8.919185658376842 0.7851239669421488
-8.898173352211094 0.7933884297520661
-8.896571471987183 0.8016528925619835
-8.825372639880685 0.8099173553719008
-8.77753857264496 0.8181818181818182
-8.763027749195093 0.8264462809917356
-8.73463654343159 0.8347107438016529
-8.705848840976858 0.8429752066115702
-8.698193130402476 0.8512396694214877
-8.665078944175427 0.859504132231405
-8.622300488500708 0.8677685950413223
-8.56183312602407 0.8760330578512396
-8.494900833151481 0.8842975206611571
-8.489109029854696 0.8925619834710744
-8.430172973999323 0.9008264462809917
-8.216525058540963 0.9090909090909091
-8.096399922917211 0.9173553719008265
-8.064988578788661 0.9256198347107438
-7.897275051423591 0.9338842975206612
-7.7152500595455304 0.9421487603305785
-7.488379027325975 0.9504132231404959
-6.822325015302804 0.9586776859504132
-6.699484436937092 0.9669421487603306
-6.699484436937092 0.9752066115702479
-6.536756858497941 0.9834710743801653
-6.34335342560469 0.9917355371900827
-6.196588766349652 1.0
