logerr frac
-14.600367016728953 0.011627906976744186
-13.54181514416129 0.023255813953488372
-13.44539919171081 0.03488372093023256
-13.334188654659556 0.046511627906976744
-12.194418011524995 0.05813953488372093
-12.087844668459327 0.06976744186046512
-11.56957911647114 0.08139534883720931
-11.484179685802841 0.09302325581395349
-11.474447449339479 0.10465116279069768
-11.474095775436624 0.11627906976744186
-11.375267978820924 0.12790697674418605
-11.34647534166976 0.13953488372093023
-11.269726982903636 0.1511627906976744
-11.166129406911343 0.16279069767441862
-11.143870029441057 0.1744186046511628
-10.940537799732038 0.18604651162790697
-10.872232591168927 0.19767441860465115
-10.85559163490391 0.20930232558139536
-10.721174024236273 0.22093023255813954
-10.720668247028796 0.23255813953488372
-10.650030345596157 0.2441860465116279
-10.645811359748897 0.2558139534883721
-10.64231050617708 0.26744186046511625
-10.621319859911866 0.27906976744186046
-10.507650097467884 0.29069767441860467
-10.4779879425984 0.3023255813953488
-10.45392538685737 0.313953488372093
-10.418115707980615 0.32558139534883723
-10.343397711211557 0.3372093023255814
-10.30108090773804 0.3488372093023256
-10.300860852792637 0.36046511627906974
-10.283775509481961 0.37209302325581395
-10.279528639758547 0.38372093023255816
-10.273676238546328 0.3953488372093023
-10.272127328434687 0.4069767441860465
-10.269643811218552 0.4186046511627907
-10.24402734494547 0.43023255813953487
-10.221852308007703 0.4418604651162791
-10.157409684006483 0.45348837209302323
-10.110418449738 0.46511627906976744
-10.109576160465593 0.47674418604651164
-10.100524220835311 0.4883720930232558
-10.048754634013918 0.5
-10.038519029286748 0.5116279069767442
-10.015719768254732 0.5232558139534884
-9.934774499578186 0.5348837209302325
-9.908424342675042 0.5465116279069767
-9.904920993138251 0.5581395348837209
-9.888152087575206 0.5697674418604651
-9.715086262010884 0.5813953488372093
-9.702286707124493 0.5930232558139535
-9.645862142162542 0.6046511627906976
-9.633661316272397 0.6162790697674418
-9.528302420917386 0.627906976744186
-9.52167994302693 0.6395348837209303
-9.49030806601262 0.6511627906976745
-9.460312227957266 0.6627906976744186
-9.39847080461831 0.6744186046511628
-9.32495476908277 0.686046511627907
-9.300507055037817 0.6976744186046512
-9.159094900756065 0.7093023255813954
-9.115920202703258 0.7209302325581395
-9.09602466409357 0.7325581395348837
-9.093011230733026 0.7441860465116279
-9.053558077084071 0.7558139534883721
-9.028196653305068 0.7674418604651163
-9.00679879786889 0.7790697674418605
-9.005844652380446 0.7906976744186046
-8.948875664048366 0.8023255813953488
-8.904601361362706 0.813953488372093
-8.848887584138911 0.8255813953488372
-8.818608941447772 0.8372093023255814
-8.809294362797397 0.8488372093023255
-8.779428100612948 0.8604651162790697
-8.777846907049138 0.872093023255814
-8.749794426097258 0.8837209302325582
-8.620405281102782 0.8953488372093024
-8.547062047806195 0.9069767441860465
-8.475372584956654 0.9186046511627907
-8.410007920482979 0.9302325581395349
-8.376516993867272 0.9418604651162791
-8.304634763290768 0.9534883720930233
-8.134635819275966 0.9651162790697675
-7.405099957440779 0.9767441860465116
-7.078121392246669 0.9883720930232558
-6.144417526087214 1.0
