logerr frac
-10.222200356868239 0.011627906976744186
-9.616942734504677 0.023255813953488372
-9.616651289145125 0.03488372093023256
-9.159112771569431 0.046511627906976744
-9.112257536851654 0.05813953488372093
-9.013395140582245 0.06976744186046512
-7.577943824386881 0.08139534883720931
-7.429405073611477 0.09302325581395349
-6.968487953243563 0.10465116279069768
-6.886499346234268 0.11627906976744186
-6.78497693277684 0.12790697674418605
-6.687297991510865 0.13953488372093023
-6.236773996227887 0.1511627906976744
-6.019823425154737 0.16279069767441862
-6.004043880467256 0.1744186046511628
-5.344426984465318 0.18604651162790697
-5.335971808030756 0.19767441860465115
-5.322674011655491 0.20930232558139536
-5.157764185029152 0.22093023255813954
-5.071742233559278 0.23255813953488372
-5.000814781254947 0.2441860465116279
-4.99322191118644 0.2558139534883721
-4.988426757526059 0.26744186046511625
-4.976072281815119 0.27906976744186046
-4.905371172855684 0.29069767441860467
-4.895555740673831 0.3023255813953488
-4.883624242242656 0.313953488372093
-4.8329561445993265 0.32558139534883723
-4.830300817383261 0.3372093023255814
-4.802580750951174 0.3488372093023256
-4.784391568819828 0.36046511627906974
-4.763943326831621 0.37209302325581395
-4.761205168872414 0.38372093023255816
-4.729919747299506 0.3953488372093023
-4.716012341710934 0.4069767441860465
-4.713596764642184 0.4186046511627907
-4.708294954929504 0.43023255813953487
-4.634108755043337 0.4418604651162791
-4.6187759157816135 0.45348837209302323
-4.553402467953642 0.46511627906976744
-4.5498413779782245 0.47674418604651164
-4.4980702448600995 0.4883720930232558
-4.471230097214005 0.5
-4.466422273291354 0.5116279069767442
-4.461343413291527 0.5232558139534884
-4.42373966941755 0.5348837209302325
-4.40778176886695 0.5465116279069767
-4.40612993889378 0.5581395348837209
-4.383372388506143 0.5697674418604651
-4.269515081127455 0.5813953488372093
-4.259178644089968 0.5930232558139535
-4.194732547804786 0.6046511627906976
-4.194701332365695 0.6162790697674418
-4.143440237655038 0.627906976744186
-4.114334525206601 0.6395348837209303
-4.102339366705532 0.6511627906976745
-4.031859173684824 0.6627906976744186
-4.016429740750114 0.6744186046511628
-4.009937929486422 0.686046511627907
-3.9706443416168584 0.6976744186046512
-3.962222233896309 0.7093023255813954
-3.962222233896309 0.7209302325581395
-3.912680518591775 0.7325581395348837
-3.9014753713218955 0.7441860465116279
-3.8965391041024025 0.7558139534883721
-3.8756780988208526 0.7674418604651163
-3.841042794100477 0.7790697674418605
-3.8012092094567596 0.7906976744186046
-3.7304417611874334 0.8023255813953488
-3.7070550347566265 0.813953488372093
-3.7052143595110167 0.8255813953488372
-3.645843773381526 0.8372093023255814
-3.630466019794533 0.8488372093023255
-3.5942967763127576 0.8604651162790697
-3.580334980791524 0.872093023255814
-3.4758986409156005 0.8837209302325582
-3.4689811075474934 0.8953488372093024
-3.1360859106642867 0.9069767441860465
-2.9118144839287723 0.9186046511627907
-2.9100869160795715 0.9302325581395349
-2.7725232169214693 0.9418604651162791
-2.4877527468815375 0.9534883720930233
-2.414161898909912 0.9651162790697675
-2.251491870603054 0.9767441860465116
-1.7446885886146692 0.9883720930232558
-1.2942986530741782 1.0
