x cpu gpu highs name
0 2.0397665999480523 0.8074526999844238 258.8173531999928 datt256
1 0.5007989999721758 0.4068217999883927 28.790714300004765 ex10
2 50.32546469999943 8.740978499990888 49.44600529997842 neos-5052403-cygnet
3 0.4232911000144668 0.288034199969843 36.9773374000215 qap15
4 93.24166820000391 37.141432799980976 85.7691654000082 rail01
5 300.1665842999937 91.99297409999416 254.2969935000292 rail02
6 37.30666499998188 15.92923539999174 300.2523243999458 rmine15
7 300.141079300025 300.09839120000834 300.42711039999267 s100
8 300.0535253999988 200.32256300002337 159.75692259997595 s250r10
9 4.278047900006641 1.0672478000051342 77.95514760003425 savsched1
10 300.8136446999852 264.7060080000083 86.22913539997535 square41
