idx rowpct colpct name
0 0.0 0.0 fit2p
1 0.0 0.0 fit2d
2 0.0 0.0 fit1p
3 0.0 0.0 fit1d
4 0.0 0.0 degen2
5 0.0 0.0 degen3
6 0.0 0.0 grow7
7 0.0 0.0 grow22
8 0.0 0.0 kb2
9 0.0 0.0 grow15
10 0.0 0.0 sctap3
11 0.0 0.0 sctap2
12 0.0 0.0 sctap1
13 0.0 0.0 scsd8
14 0.0 0.0 scsd6
15 0.0 0.0 scsd1
16 0.0 17.558886509635975 stair
17 0.1941747572815511 0.1945525291828787 seba
18 0.8196721311475419 0.038550501156520145 wood1p
19 0.952380952380949 0.0 sc105
20 0.9756097560975618 0.49261083743842304 sc205
21 1.179736294240108 5.859802847754658 pilot
22 1.2224938875305624 0.9823182711198419 sierra
23 1.4330423323999364 0.711365494685201 dfl001
24 1.625615763546795 4.9764489043620745 pilot87
25 2.0000000000000018 0.0 sc50a
26 2.080000000000004 5.523255813953487 perold
27 2.195121951219514 3.9000000000000035 pilot4
28 2.4169184290030232 6.260691070817648 nesm
29 2.8915662650602414 0.01617076326002609 d6cube
30 3.125 0.0 share2b
31 3.2023289665211063 1.2962962962962954 modszk1
32 3.9297658862876284 3.589269195189637 greenbea
33 3.9715719063545096 3.8297872340425587 greenbeb
34 4.0000000000000036 0.0 sc50b
35 4.2207792207792245 2.3809523809523836 gfrd-pnc
36 4.698295716259793 0.8128507838203958 d2q06c
37 5.35714285714286 1.0309278350515427 adlittle
38 5.846528623629721 1.9096117122851641 25fv47
39 5.982905982905984 2.2222222222222254 share1b
40 6.3218390804597675 0.0 israel
41 6.756756756756754 3.6144578313253017 blend
42 6.78294573643411 0.3311258278145712 agg2
43 6.78294573643411 0.3311258278145712 agg3
44 7.4074074074074066 0.0 afiro
45 7.991803278688526 0.0 agg
46 8.628841607565008 6.237006237006238 maros
47 8.762169680111265 8.714918759231905 stocfor2
48 9.128205128205124 11.786372007366486 pilotnov
49 9.141791044776115 16.845070422535212 shell
50 9.814323607427056 5.704663741198079 80bau3b
51 11.041990668740276 0.5106382978723456 bnl1
52 11.070110701107016 13.031161473087815 capri
53 11.428571428571432 4.448246364414032 scrs8
54 11.442786069651746 0.18885741265344258 ship04l
55 11.568123393316199 0.5603548914312362 ship08l
56 12.205567451820132 3.5348837209302375 standmps
57 12.82051282051282 1.041666666666663 boeing1
58 13.452443510246981 7.560378018900948 cycle
59 13.480885311871226 11.07491856677525 finnis
60 14.848484848484844 3.7199124726477018 scfxm2
61 14.848484848484844 3.7199124726477018 scfxm1
62 14.848484848484844 3.7199124726477018 scfxm3
63 14.973262032085566 11.6597263533611 ganges
64 15.877437325905298 3.5348837209302375 standata
65 16.066481994459835 3.2939189189189144 standgub
66 16.249999999999996 21.220930232558143 etamacro
67 17.377049180327862 11.228813559322038 bandm
68 17.986230636833046 9.515620521639434 bnl2
69 18.686868686868685 12.315270935960587 vtpbase
70 19.658119658119656 13.513513513513509 stocfor1
71 20.261437908496728 6.493506493506496 lotfi
72 21.021021021021024 5.792163543441231 tuff
73 21.978021978021978 22.777777777777775 recipe
74 22.289156626506024 0.0 boeing2
75 22.604951560818087 12.404200965086575 czprob
76 23.71134020618557 6.703910614525144 scorpion
77 24.84472049689441 3.8004750593824244 forplan
78 25.11210762331838 3.900709219858156 e226
79 26.539278131634823 0.40000000000000036 scagr25
80 27.13178294573644 1.4285714285714235 scagr7
81 27.19374456993918 3.7589828634604805 ship12l
82 31.377551020408166 20.918367346938773 maros-r7
83 33.333333333333336 6.310013717421126 ship04s
84 37.57225433526011 24.809160305343514 beaconfd
85 38.54961832061069 22.365339578454336 fffff800
86 44.09090909090909 16.867469879518072 brandy
87 46.529562982005146 12.400502723083374 ship08s
88 47.63948497854077 34.6031746031746 bore3d
89 59.51346655082537 20.846905537459282 ship12s
