tau rho
1.0 0.06666666666666667
1.0 0.011111111111111112
1.0 0.022222222222222223
1.0 0.03333333333333333
1.0 0.044444444444444446
1.0 0.05555555555555555
1.0 0.06666666666666667
1.3457745772536178 0.07777777777777778
1.411212623482261 0.08888888888888889
1.4258710402618642 0.1
1.4751878182769491 0.1111111111111111
1.4948008049386796 0.12222222222222222
1.5208800780528338 0.13333333333333333
1.5905603390714689 0.14444444444444443
1.6540014987178708 0.15555555555555556
1.6968031510628383 0.16666666666666666
1.7179867221447291 0.17777777777777778
1.7816023859581283 0.18888888888888888
1.9436601267859057 0.2
1.9555517008756624 0.2111111111111111
1.971890587684383 0.2222222222222222
1.9834173793321435 0.23333333333333334
2.0270586838752753 0.24444444444444444
2.046353289054608 0.25555555555555554
2.1108284793350998 0.26666666666666666
2.116150021838103 0.2777777777777778
2.180059327794524 0.28888888888888886
2.1888798389100055 0.3
2.2908858795588425 0.3111111111111111
2.3176579358359755 0.32222222222222224
2.326066927729821 0.3333333333333333
2.354519852688883 0.34444444444444444
2.3809377645313745 0.35555555555555557
2.424155046063759 0.36666666666666664
2.4290819474876204 0.37777777777777777
2.4405846169462198 0.3888888888888889
2.4745179126861823 0.4
2.581068547025551 0.4111111111111111
2.5977270585949612 0.4222222222222222
2.5996074273207146 0.43333333333333335
2.7393110490939727 0.4444444444444444
2.7785196567325436 0.45555555555555555
2.818727781927437 0.4666666666666667
2.8231636051817315 0.4777777777777778
2.866504643043566 0.4888888888888889
2.937860209117294 0.5
2.945099387364105 0.5111111111111111
3.027737691375446 0.5222222222222223
3.222948367483243 0.5333333333333333
3.3542068421273816 0.5444444444444444
3.427259230257776 0.5555555555555556
3.6030622912581087 0.5666666666666667
3.6233745572985647 0.5777777777777777
3.6453045102158974 0.5888888888888889
3.6520236850738224 0.6
3.730959648763858 0.6111111111111112
3.866643578442448 0.6222222222222222
3.9893315024164147 0.6333333333333333
4.086773043893848 0.6444444444444445
4.4948303010377 0.6555555555555556
4.714616045068819 0.6666666666666666
4.7901236748045894 0.6777777777777778
4.792412531968137 0.6888888888888889
4.86819027389122 0.7
5.05802250833285 0.7111111111111111
5.315491650528627 0.7222222222222222
5.637374816837329 0.7333333333333333
5.70820965581732 0.7444444444444445
5.806774378113638 0.7555555555555555
6.082542288681135 0.7666666666666667
6.21490680454309 0.7777777777777778
6.252103450902483 0.7888888888888889
6.632765285073831 0.8
6.828254831885906 0.8111111111111111
9.93226611249911 0.8222222222222222
10.029000433351563 0.8333333333333334
10.179645418867063 0.8444444444444444
10.750219833758987 0.8555555555555555
12.126015620067369 0.8666666666666667
12.707387345831124 0.8777777777777778
12.812806719416118 0.8888888888888888
13.754896797062056 0.9
15.992315135207408 0.9111111111111111
18.15201442888297 0.9222222222222223
42.62543041672853 0.9333333333333333
68.13213083864873 0.9444444444444444
158.9969173705148 0.9555555555555556
238.49537605577223 0.9555555555555556
