tau rho
1.0 0.0
2.072612841665796 0.011111111111111112
2.135800582162217 0.022222222222222223
2.5458961591583464 0.03333333333333333
2.801132050358597 0.044444444444444446
2.847499683310442 0.05555555555555555
3.966651906601129 0.06666666666666667
4.095138282513072 0.07777777777777778
4.41813676111414 0.08888888888888889
4.593682650556023 0.1
4.906394192497669 0.1111111111111111
5.149524018225635 0.12222222222222222
5.390122207776939 0.13333333333333333
5.460503554466261 0.14444444444444443
5.640380447959684 0.15555555555555556
5.722020189465068 0.16666666666666666
6.026892987204259 0.17777777777777778
6.048566643751698 0.18888888888888888
6.0799118402475525 0.2
6.104068563304967 0.2111111111111111
6.160701325211256 0.2222222222222222
6.171957465959616 0.23333333333333334
6.277401245123488 0.24444444444444444
6.410793025719621 0.25555555555555554
6.427369104542536 0.26666666666666666
6.52628793013515 0.2777777777777778
6.6353313475382425 0.28888888888888886
6.739158186481547 0.3
6.770863335702751 0.3111111111111111
6.864318420729359 0.32222222222222224
6.961899052893118 0.3333333333333333
7.171941264090577 0.34444444444444444
7.433283194091336 0.35555555555555557
7.4942940708325985 0.36666666666666664
7.596015984623077 0.37777777777777777
7.619296109837612 0.3888888888888889
7.6554207426074345 0.4
7.789543542101047 0.4111111111111111
7.819262515706631 0.4222222222222222
7.858838162199355 0.43333333333333335
7.965099897213977 0.4444444444444444
8.484407104965173 0.45555555555555555
8.536652786043097 0.4666666666666667
8.992436135725521 0.4777777777777778
9.069441096069855 0.4888888888888889
9.095389629153528 0.5
9.20631019215391 0.5111111111111111
9.277275121630705 0.5222222222222223
9.344395790364256 0.5333333333333333
9.510447985386405 0.5444444444444444
9.51061395587987 0.5555555555555556
9.683948945852993 0.5666666666666667
9.906099595181335 0.5777777777777777
9.947860676555054 0.5888888888888889
9.958437274743895 0.6
9.980278037556065 0.6111111111111112
10.211163860915844 0.6222222222222222
10.237241870223649 0.6333333333333333
10.248024208861315 0.6444444444444445
10.250453029815166 0.6555555555555556
10.454869000513945 0.6666666666666666
10.531568618123332 0.6777777777777778
10.56867173737487 0.6888888888888889
10.786133066386286 0.7
10.937007530593458 0.7111111111111111
11.095233110896276 0.7222222222222222
11.376002636403108 0.7333333333333333
11.940706189143315 0.7444444444444445
12.030846709815282 0.7555555555555555
12.169311863144243 0.7666666666666667
12.661898951440921 0.7777777777777778
13.116351842089657 0.7888888888888889
13.292019039092148 0.8
13.420488419181556 0.8111111111111111
14.059749703685323 0.8222222222222222
14.215204818886695 0.8333333333333334
14.310813801572719 0.8444444444444444
14.44551450165883 0.8555555555555555
14.498094110308624 0.8666666666666667
14.779317458626016 0.8777777777777778
14.880716734423633 0.8888888888888888
15.235344866815657 0.9
16.563315005637037 0.9111111111111111
17.424910900114114 0.9222222222222223
17.936031047002277 0.9333333333333333
18.38793674823762 0.9444444444444444
19.0122977713921 0.9555555555555556
19.651079694738517 0.9666666666666667
22.919252013888723 0.9777777777777777
28.832889098056153 0.9888888888888889
29.46133174219939 1.0
238.49537605577217 1.0
