tau rho
1.0 0.9111111111111111
1.0 0.011111111111111112
1.0 0.022222222222222223
1.0 0.03333333333333333
1.0 0.044444444444444446
1.0 0.05555555555555555
1.0 0.06666666666666667
1.0 0.07777777777777778
1.0 0.08888888888888889
1.0 0.1
1.0 0.1111111111111111
1.0 0.12222222222222222
1.0 0.13333333333333333
1.0 0.14444444444444443
1.0 0.15555555555555556
1.0 0.16666666666666666
1.0 0.17777777777777778
1.0 0.18888888888888888
1.0 0.2
1.0 0.2111111111111111
1.0 0.2222222222222222
1.0 0.23333333333333334
1.0 0.24444444444444444
1.0 0.25555555555555554
1.0 0.26666666666666666
1.0 0.2777777777777778
1.0 0.28888888888888886
1.0 0.3
1.0 0.3111111111111111
1.0 0.32222222222222224
1.0 0.3333333333333333
1.0 0.34444444444444444
1.0 0.35555555555555557
1.0 0.36666666666666664
1.0 0.37777777777777777
1.0 0.3888888888888889
1.0 0.4
1.0 0.4111111111111111
1.0 0.4222222222222222
1.0 0.43333333333333335
1.0 0.4444444444444444
1.0 0.45555555555555555
1.0 0.4666666666666667
1.0 0.4777777777777778
1.0 0.4888888888888889
1.0 0.5
1.0 0.5111111111111111
1.0 0.5222222222222223
1.0 0.5333333333333333
1.0 0.5444444444444444
1.0 0.5555555555555556
1.0 0.5666666666666667
1.0 0.5777777777777777
1.0 0.5888888888888889
1.0 0.6
1.0 0.6111111111111112
1.0 0.6222222222222222
1.0 0.6333333333333333
1.0 0.6444444444444445
1.0 0.6555555555555556
1.0 0.6666666666666666
1.0 0.6777777777777778
1.0 0.6888888888888889
1.0 0.7
1.0 0.7111111111111111
1.0 0.7222222222222222
1.0 0.7333333333333333
1.0 0.7444444444444445
1.0 0.7555555555555555
1.0 0.7666666666666667
1.0 0.7777777777777778
1.0 0.7888888888888889
1.0 0.8
1.0 0.8111111111111111
1.0 0.8222222222222222
1.0 0.8333333333333334
1.0 0.8444444444444444
1.0 0.8555555555555555
1.0 0.8666666666666667
1.0 0.8777777777777778
1.0 0.8888888888888888
1.0 0.9
1.0 0.9111111111111111
1.1096366865328946 0.9222222222222223
1.1180148094711917 0.9333333333333333
1.1780351647615006 0.9444444444444444
1.3366771730000648 0.9555555555555556
1.7974681592554624 0.9666666666666667
2.5701168995206807 0.9777777777777777
2.6103986304159856 0.9888888888888889
3.3451593894717946 1.0
238.49537605577223 1.0
