tau rho
1.0 0.08888888888888889
1.0 0.011111111111111112
1.0 0.022222222222222223
1.0 0.03333333333333333
1.0 0.044444444444444446
1.0 0.05555555555555555
1.0 0.06666666666666667
1.0 0.07777777777777778
1.0 0.08888888888888889
1.3457745772536178 0.1
1.411212623482261 0.1111111111111111
1.4258710402618642 0.12222222222222222
1.4751878182769491 0.13333333333333333
1.5208800780528338 0.14444444444444443
1.5338841351411872 0.15555555555555556
1.5573056799720464 0.16666666666666666
1.5905603390714689 0.17777777777777778
1.6540014987178708 0.18888888888888888
1.6968031510628383 0.2
1.7179867221447291 0.2111111111111111
1.8512235484129493 0.2222222222222222
1.8847168905274172 0.23333333333333334
1.9436601267859057 0.24444444444444444
1.9555517008756624 0.25555555555555554
1.971890587684383 0.26666666666666666
1.9834173793321435 0.2777777777777778
2.0270586838752753 0.28888888888888886
2.046353289054608 0.3
2.1108284793350998 0.3111111111111111
2.116150021838103 0.32222222222222224
2.180059327794524 0.3333333333333333
2.1888798389100055 0.34444444444444444
2.2908858795588425 0.35555555555555557
2.3176579358359755 0.36666666666666664
2.326066927729821 0.37777777777777777
2.354519852688883 0.3888888888888889
2.424155046063759 0.4
2.4405846169462198 0.4111111111111111
2.4745179126861823 0.4222222222222222
2.581068547025551 0.43333333333333335
2.5977270585949612 0.4444444444444444
2.5996074273207146 0.45555555555555555
2.6341953945434273 0.4666666666666667
2.6725978107477344 0.4777777777777778
2.7393110490939727 0.4888888888888889
2.7785196567325436 0.5
2.818727781927437 0.5111111111111111
2.8231636051817315 0.5222222222222223
2.866504643043566 0.5333333333333333
2.937860209117294 0.5444444444444444
2.945099387364105 0.5555555555555556
2.975002976178324 0.5666666666666667
3.027737691375446 0.5777777777777777
3.054950380396841 0.5888888888888889
3.057289959297966 0.6
3.1051303434635478 0.6111111111111112
3.1570504471082153 0.6222222222222222
3.162781068232636 0.6333333333333333
3.222948367483243 0.6444444444444445
3.350749845651903 0.6555555555555556
3.3542068421273816 0.6666666666666666
3.491688274116844 0.6777777777777778
3.5263418881386217 0.6888888888888889
3.5306159194384827 0.7
3.6030622912581087 0.7111111111111111
3.6180005891111358 0.7222222222222222
3.6233745572985647 0.7333333333333333
3.6453045102158974 0.7444444444444445
3.6520236850738224 0.7555555555555555
3.682982059759191 0.7666666666666667
3.730959648763858 0.7777777777777778
3.8043518277596027 0.7888888888888889
3.866643578442448 0.8
3.9245709686383616 0.8111111111111111
3.934157440399333 0.8222222222222222
3.9893315024164147 0.8333333333333334
4.086773043893848 0.8444444444444444
4.111346877180831 0.8555555555555555
4.13737323131748 0.8666666666666667
5.238396294628743 0.8777777777777778
5.558885325671153 0.8888888888888888
5.836778777420185 0.9
6.063371222104642 0.9111111111111111
7.836982291433309 0.9222222222222223
8.043443614132075 0.9333333333333333
8.923214236559025 0.9444444444444444
9.309363169772453 0.9555555555555556
9.498453892948548 0.9666666666666667
9.943552375801152 0.9777777777777777
11.119910713898863 0.9888888888888889
17.953349635359395 1.0
238.49537605577223 1.0
