time ref ok name
3.5306545000057667 0.7374033000087366 1 25fv47
6.583624800026882 0.6103785999584943 1 80bau3b
0.057294699945487 0.0074842000030912 1 adlittle
0.018711999990046 0.0029113000491634 1 afiro
0.2263383999816142 0.0158158999984152 1 agg
0.2593209999613464 0.0277515000198036 1 agg2
0.2556790999951772 0.0249431999982334 1 agg3
0.5184921000036411 0.0409489999874495 1 bandm
0.1105078000109642 0.0111087000113911 1 beaconfd
0.0560438999673351 0.0090970000019297 1 blend
0.9039105999981984 0.1134838999714702 1 bnl1
3.673672000004444 0.261289999994915 1 bnl2
0.3918455999810248 0.0498604999738745 1 boeing1
0.0976192000089213 0.0105224000290036 1 boeing2
0.150689699978102 0.0106005999841727 1 bore3d
0.1897648999583907 0.0242688999860547 1 brandy
0.3620633999817073 0.0237646999885328 1 capri
4.118965799978469 1.470464699959848 1 cycle
1.6562744000111709 0.1616189000196755 1 czprob
21.46479030000046 3.348226999980397 1 d2q06c
1.6895070999744348 0.6636198000051081 1 d6cube
0.4862894999678246 0.0732878999551758 1 degen2
3.4863473000004888 0.7890989999868907 1 degen3
186.7029311999795 30.58663729997352 1 dfl001
0.1956547999870963 0.032347300031688 1 e226
0.5998593000113033 0.0457336999825201 1 etamacro
0.4027894000173546 0.0393455000012181 1 fffff800
0.390239400032442 0.0269166000070981 1 finnis
0.1216944999760016 0.0569784000399522 1 fit1d
1.2934034999925643 0.1919235999812372 1 fit1p
1.3675797999603674 0.6598336999886669 1 fit2d
27.578163099999077 4.468300900014583 1 fit2p
0.1421557000139728 0.0276055999565869 1 forplan
1.3604186999727972 0.0692286999546922 1 ganges
0.627805600001011 0.0360292000113986 1 gfrd-pnc
16.547628799977247 1.1196476999903098 1 greenbea
22.685084800003096 1.99411740002688 1 greenbeb
0.9618376000435092 0.2031368000316433 1 grow15
2.045190199976787 0.4130505999783054 1 grow22
0.2853786000050604 0.0531876999884843 1 grow7
0.1158886000048369 0.0177571999956853 1 israel
0.0179752000258304 0.0043894000118598 1 kb2
0.1908317999914288 0.012824100034777 1 lotfi
15.364840399997776 3.3447762000141665 1 maros-r7
1.8612922000465917 0.2069842000491917 1 maros
0.9956524000153876 0.0555112999863922 1 modszk1
3.2357296999543905 0.7466575000435114 1 nesm
1.625853100034874 0.2841397000011056 1 perold
26.26273359998595 4.809580900007859 1 pilot
0.9644024999579416 0.12657369999215 1 pilot4
102.6210013999953 16.347688699956052 1 pilot87
3.0547107000020333 0.7700980000081472 1 pilotnov
0.0785771000082604 0.0059116000193171 1 recipe
0.0609836999792605 0.0062973999883979 1 sc105
0.1814208999858237 0.0098662999807856 1 sc205
0.0214558000443503 0.0031256999936886 1 sc50a
0.0372078000218607 0.0030927000334486 1 sc50b
0.4509711000137031 0.0412335000000894 1 scagr25
0.0559650999493896 0.0103829000145196 1 scagr7
0.3638455999898724 0.040003300004173 1 scfxm1
0.7589885999914259 0.0999193000025115 1 scfxm2
1.3670754000195302 0.1824154999922029 1 scfxm3
0.2830721999634988 0.0148888999829068 1 scorpion
1.414824099978432 0.0490697999484837 1 scrs8
0.1131226000143215 0.0133330000098794 1 scsd1
0.2466298000072129 0.0405647000297904 1 scsd6
0.9198928000405432 0.2351628999458626 1 scsd8
0.2462034000200219 0.0408507999964058 1 sctap1
0.8800641000270844 0.0970361999934539 1 sctap2
0.6567135999794118 0.0690505999955348 1 sctap3
0.4723387999692932 0.0160324999596923 1 seba
0.088659800007008 0.0088835000060498 1 share1b
0.0394958000397309 0.0058332000044174 1 share2b
0.3551404000027105 0.0339689000393264 1 shell
0.2645968999713659 0.0238477999810129 1 ship04l
0.191180899972096 0.0223952999804168 1 ship04s
0.550361100002192 0.0555577999912202 1 ship08l
0.3025884000235237 0.0328674999764189 1 ship08s
0.8701689000008628 0.0914961000089533 1 ship12l
0.5346380000119098 0.108967600041069 1 ship12s
0.4483036000165157 0.0425675999722443 1 sierra
0.2634674999862909 0.0378441999782808 1 stair
0.1868422000552527 0.0156474999967031 1 standata
0.2254496999667026 0.0156068999785929 1 standgub
0.2003334000473842 0.0189553999807685 1 standmps
0.0738447999465279 0.0074153000023216 1 stocfor1
2.0809213999891654 0.0907936000148765 1 stocfor2
0.1793955999892205 0.0241341000073589 1 tuff
0.0788654999923892 0.005876499984879 1 vtpbase
0.4559351000352762 0.1601176999974995 1 wood1p
