time ref ok name
60.03603599994676 1.892836700018961 0 10teams
1.2321138000115752 3.6802483000210486 1 air03
61.72865060000913 60.061418000026606 0 air04
60.35320840001805 42.87695710000117 0 air05
60.04000870004529 60.01043050002773 0 arki001
60.03508530004183 1.2834645000402816 0 bell3a
60.08465899998555 1.34280750004109 0 bell5
48.11218250001548 4.151841600018088 1 blend2
11.83196979999775 3.8920102000120096 1 cap6000
60.107338799978606 60.05149049998727 0 dano3mip
60.703489399980754 60.03077439998742 0 danoint
8.493916699953843 2.9032976999878883 1 dcmulti
56.39051689999178 1.0878739000181668 1 dsbmip
0.9269972000038252 0.0619105000514537 1 egout
7.187624699959997 0.5894191000261344 1 enigma
61.21864480001386 60.04973099997733 0 fast0507
60.10884539998369 3.245968199975323 0 fiber
60.020195199991576 7.295400300004985 0 fixnet6
0.2728988999733701 0.169644099951256 1 flugpl
5.902413100004196 0.0369451000005938 1 gen
60.034456000023056 1.9150436999625529 0 gesa2
60.09465280000586 3.2953506999765523 0 gesa2_o
37.30713990004733 3.284215099993162 1 gesa3
13.536632999952417 2.479401799966581 1 gesa3_o
1.712791499972809 0.0684470999985933 1 gt2
60.0607549000415 24.574942799983543 0 harp2
1.6794641999877058 0.3948337000329047 1 khb05250
56.3296722000232 4.203942299995106 1 l152lav
38.86712989996886 0.4617196000181138 1 lseu
60.05710100004217 60.00933289999375 0 markshare1
60.00110540003516 60.00365789997159 0 markshare2
60.07925149996299 60.00799240003107 0 mas74
23082.45033359999 60.01098089996958 0 mas76
30.981744799995795 1.4708840000093917 1 misc03
4.126352299994323 0.4370386999798938 1 misc06
60.01970799994888 56.86374429997522 0 misc07
60.83348640002077 3.48932719998993 0 mitre
60.811806500016246 60.04228100000182 0 mkc
60.01887219998753 8.08920719998423 0 mod008
6.4097718999837525 3.8054310000152327 1 mod010
64.11248040001374 60.05977290001465 0 mod011
60.19017989997519 3.955131400027312 0 modglob
60.06198649998987 60.01300460001221 0 noswot
23.764681799977552 91.23116409999784 0 nw04
0.7746354000410065 0.0806106000090949 1 p0033
20.352152100007515 1.818036500015296 1 p0201
11.354946299979929 0.9125601000268944 1 p0282
55.29495459998725 0.1997500999714248 1 p0548
60.2276753000333 1.142461299954448 0 p2756
60.059703000006266 60.01234299998032 0 pk1
60.04771539999638 5.069647500000428 0 pp08a
60.05044089996954 4.149876200011931 0 pp08aCUTS
60.58272629999556 60.0172154000029 0 qiu
60.647169600008056 4.020497499965131 0 qnet1
60.8453805000172 4.059722899983171 0 qnet1_o
70.71685610001441 43.6491803000099 0 rentacar
48.47576800000388 1.8081925000296903 1 rgn
60.0984124999959 60.01961079996545 0 rout
60.188125999993645 2.320272699987981 0 set1ch
62.71125709998887 60.03119840001455 0 seymour
7.98390809999546 1.5931095000123603 1 stein27
60.04154020000715 60.00849630002631 0 stein45
60.39858249999816 60.16348640003707 0 swath
55.45719849999296 0.1752909999922849 1 vpm1
