time ref ok name
0.2280526999966241 0.2686541000148281 1 25fv47
0.5417131000431255 0.2566353000001982 1 80bau3b
0.0180687999818474 0.0029705999768339 1 adlittle
0.004937499994412 0.0008502999553456 1 afiro
0.0758167000021785 0.0062523999949917 1 agg
0.1371486999560147 0.0099708999623544 1 agg2
0.1331430000136606 0.0103914000210352 1 agg3
0.0476720000151544 0.0142125999554991 1 bandm
0.0204229000373743 0.00547390000429 1 beaconfd
0.0142806000076234 0.0026866000262089 1 blend
0.1571277999901212 0.0393870000261813 1 bnl1
1.2582766000414267 0.0990193000179715 1 bnl2
0.0837990000145509 0.0177743000094778 1 boeing1
0.043383999960497 0.0063536000088788 1 boeing2
0.065018700028304 0.0035818999749608 1 bore3d
0.0327633999986574 0.0089712999761104 1 brandy
0.0992643000208772 0.0062069999985396 1 capri
0.8254905000212602 0.4633415999705903 1 cycle
0.1074635999975726 0.0507825999520719 1 czprob
1.8402707999921404 1.2906291999970565 1 d2q06c
0.9547505000373347 0.2124107999843545 1 d6cube
0.1080604000017046 0.0225590000045485 1 degen2
1.0605214999523014 0.3094372000196017 1 degen3
202.60987739998384 8.43217609997373 0 dfl001
0.0166874999995343 0.0072842999943532 1 e226
0.0336315000313334 0.0137800999800674 1 etamacro
0.123486700002104 0.0114868999808095 1 fffff800
0.0579232000163756 0.0056900999625213 1 finnis
0.0253075000364333 0.0115607999614439 1 fit1d
2.224668100010604 0.0521910999668762 1 fit1p
0.2932398000266403 0.2193245000089518 1 fit2d
184.4753943000105 1.1602451000362637 1 fit2p
0.0289663000148721 0.0060442000394687 1 forplan
0.0749019000213593 0.0207883999682962 1 ganges
0.0130970999598503 0.006603299989365 1 gfrd-pnc
0.4370621999842115 0.3170591000234708 0 greenbea
1.0319075000006706 0.5233087000087835 1 greenbeb
0.0222072000033222 0.0570751000195741 1 grow15
0.031520799966529 0.1054420999716967 1 grow22
0.0112644999753683 0.0150569999823346 1 grow7
0.0345649999799206 0.0061314000049605 1 israel
0.0053281000000424 0.0008032999467104 1 kb2
0.0091395999770611 0.0025223999982699 1 lotfi
9.095268399978522 0.9068967999774032 1 maros-r7
0.1003154999925755 0.0512977999751456 1 maros
0.0391576000256463 0.0136603999999351 1 modszk1
0.1104256000253371 0.1984865000122226 1 nesm
0.1771234999760054 0.0809197000344283 1 perold
4.4553119000047445 0.9595231999992392 0 pilot
0.1932744000223465 0.03091349999886 1 pilot4
19.705160299956333 4.291515099990647 0 pilot87
0.2163805000018328 0.1607851000153459 1 pilotnov
0.0046172000002115 0.0017773999716155 1 recipe
0.0052272999892011 0.0016219000099226 1 sc105
0.0082279000198468 0.002013299963437 1 sc205
0.0052187000401318 0.0010720000136643 1 sc50a
0.0031437000143341 0.0010382999898865 1 sc50b
0.0166213000193238 0.008122400031425 1 scagr25
0.0096071999869309 0.0026354999863542 1 scagr7
0.0221990999998524 0.0078631999786011 1 scfxm1
0.0512067000381648 0.0181665999698452 1 scfxm2
0.0565813000430353 0.0400940999970771 1 scfxm3
0.0103043999988585 0.0039923000149428 1 scorpion
0.0193998999893665 0.0131508000195026 1 scrs8
0.0067765999701805 0.002923899970483 1 scsd1
0.0109456000500358 0.0068816000130027 1 scsd6
0.0181523999781347 0.047385000041686 1 scsd8
0.0127913999604061 0.0054326999816112 1 sctap1
0.0325837000273168 0.0117270000046119 1 sctap2
0.0395392999635078 0.018136799975764 1 sctap3
0.2725694000255316 0.0040005999617278 1 seba
0.0101980000035837 0.0039229000103659 1 share1b
0.0109649000223726 0.0019209000165574 1 share2b
0.0201289999531582 0.0132351000211201 1 shell
0.0255023000063374 0.0109637000132352 1 ship04l
0.0178218999644741 0.0087920000078156 1 ship04s
0.0414420000161044 0.0250556000391952 1 ship08l
0.0271065999986603 0.0159750999882817 1 ship08s
0.0579246999695897 0.0238947999896481 1 ship12l
0.0355338000226765 0.0182818999746814 1 ship12s
0.0636407000129111 0.0164589000050909 1 sierra
0.0701659000478684 0.013872200041078 1 stair
0.0112468000152148 0.0065464999643154 1 standata
0.0121835999889299 0.0041470999713055 1 standgub
0.0208354000351391 0.0070745999692007 1 standmps
0.005389500001911 0.0021779999951831 1 stocfor1
0.0935723999864421 0.0341590999742038 1 stocfor2
0.068115999980364 0.010960099985823 1 tuff
0.0177430000039748 0.0017863999819383 1 vtpbase
0.1908124000183306 0.0801416999893263 1 wood1p
