time ref ok name
0.4629306999850087 0.2287401999928988 1 25fv47
1.6226588999852538 0.1566150999860838 1 80bau3b
0.0114376000128686 0.0016095000319182 1 adlittle
0.0008703999919816 0.000822199974209 1 afiro
0.1593167000100948 0.004486399993766 1 agg
0.1196693000383675 0.0052121999906376 1 agg2
0.1216619999613612 0.0058154000435024 1 agg3
0.1583065000013448 0.0135768000036478 1 bandm
0.0509394999826327 0.004516799992416 1 beaconfd
0.0069469999871216 0.0024986999924294 1 blend
29.915615000005342 0.0304020000039599 0 bnl1
13.883659699989948 0.0799064000020735 1 bnl2
0.1420065999845974 0.015761399990879 1 boeing1
0.0249873999855481 0.0037419999716803 1 boeing2
3.9370658999541774 0.0035367000382393 1 bore3d
0.1872040000162087 0.0074579999782145 1 brandy
1.19244150002487 0.0058438999694772 1 capri
14.863191700016614 0.3924348000437021 1 cycle
0.2810884999926202 0.059146600018721 1 czprob
74.25089429999935 1.1800547000020742 1 d2q06c
0.3128756000078283 0.1987828999990597 1 d6cube
0.0425973000237718 0.0225621999707072 1 degen2
0.7422574000083841 0.2715243000420742 1 degen3
13.54387759999372 10.47617400001036 1 dfl001
0.2090419000014662 0.0104395999806001 1 e226
0.0369427999830804 0.0160201999824494 1 etamacro
8.516366800002288 0.0264639000524766 1 fffff800
0.2002827000105753 0.008167800027877 1 finnis
0.4387994999997318 0.0631880000000819 1 fit1d
0.2654543000389822 0.0573170999996364 1 fit1p
30.02548009995371 0.5077508999966085 1 fit2d
21.01153459999477 1.6781284000026062 1 fit2p
1.072850099997595 0.0097297999891452 1 forplan
0.2558987999800592 0.0512698999955318 1 ganges
2.7931949999765493 0.0142246999894268 1 gfrd-pnc
120.57467219996032 0.4081939000170678 0 greenbea
121.9896330999909 0.7682854000013322 0 greenbeb
0.6347067999886349 0.0749345999793149 1 grow15
0.5477417000220157 0.1501683000242337 1 grow22
0.0907856000121682 0.0170686999917961 1 grow7
0.0459097999846562 0.0062163000111468 1 israel
0.0646560000022873 0.001635399996303 1 kb2
0.993941300024744 0.0069072000333108 1 lotfi
1.2953328000148758 1.4161263999994844 1 maros-r7
6.0413832000340335 0.0751541000208817 1 maros
5.907338199962396 0.035130999982357 1 modszk1
0.442663200024981 0.3540349999675527 1 nesm
51.24349650001386 0.1064982999814674 0 perold
126.09158619999651 1.7632599999778904 0 pilot
32.81663299998036 0.0433249000343494 0 pilot4
126.92612289998216 6.212729200022295 0 pilot87
2.607317799993325 0.2157038999721408 1 pilotnov
0.0076293000020086 0.0023262000177055 1 recipe
0.0160082000074908 0.0020155000383965 1 sc105
0.0927891000173986 0.0025438000448048 1 sc205
0.0019196000066585 0.0007709999918006 1 sc50a
0.0031860000453889 0.0011188999633304 1 sc50b
0.2475254999590106 0.0104946999927051 1 scagr25
0.0232108999625779 0.0024229999980889 1 scagr7
0.1106113000423647 0.0123089000117033 1 scfxm1
0.4005071999854408 0.027670899988152 1 scfxm2
0.6895387000404298 0.0446725999936461 1 scfxm3
0.282123600016348 0.0051712000276893 1 scorpion
0.2365707999560982 0.013278900005389 1 scrs8
0.0059402000042609 0.0038936000200919 1 scsd1
0.0425735000171698 0.0115698000299744 1 scsd6
0.3228115999954752 0.0441839999984949 1 scsd8
0.0178499000030569 0.0056601000251248 1 sctap1
0.027691799972672 0.0183003999991342 1 sctap2
0.0272595999995246 0.0174273999873548 1 sctap3
0.0975765000330284 0.0040267999866046 1 seba
0.1238188000279478 0.0028399999719113 1 share1b
0.176805900002364 0.001959299959708 1 share2b
0.1730381000088527 0.0121033000177703 1 shell
0.114838299981784 0.0077052999986335 1 ship04l
0.1157880000537261 0.0066731999977491 1 ship04s
0.2638137999456376 0.0170950999599881 1 ship08l
0.1509365999954752 0.0096727000200189 1 ship08s
0.9069264000281692 0.0253955000080168 1 ship12l
0.3499772000359371 0.011636700015515 1 ship12s
0.2607147000380792 0.0211829000036232 1 sierra
0.6709982000174932 0.0158828000421635 1 stair
0.0256209000363014 0.0051387000130489 1 standata
0.0202417999971658 0.0052362999995239 1 standgub
0.0677901999442838 0.0085080999997444 1 standmps
0.0452532999916002 0.0014441999956034 1 stocfor1
1.5384038999909535 0.0338914000312797 1 stocfor2
1.813139700039756 0.0119212000281549 1 tuff
0.4014142000232823 0.0013218999956734 1 vtpbase
1.0063193999812938 0.0772846000036224 1 wood1p
