time ref ok name
0.9094187999726272 0.1347126000327989 1 AUG2D
0.9350585999782196 0.1258942999993451 1 AUG2DC
2.1599106999929063 1.027609599987045 1 AUG2DCQP
2.9617077999864705 1.2947807000018656 1 AUG2DQP
0.1351914000115357 0.0193669000291265 1 AUG3D
0.1654223999939859 0.0196355999796651 1 AUG3DC
0.3448400999768637 0.1482143999892287 1 AUG3DCQP
0.2190953000099398 0.0939368000254035 1 AUG3DQP
7.26727899996331 11.984186299960127 1 BOYD1
24.118816899950616 61.83938540000236 0 BOYD2
1.0051848000148311 0.4337874000193551 1 CONT-050
5.883153899980243 8.378401800000574 1 CONT-100
7.742392500047572 9.541285399987828 1 CONT-101
62.69127519999165 45.49138319998747 1 CONT-200
75.13793289999012 50.85610490001272 1 CONT-201
150.05330580001464 69.42682289995719 0 CONT-300
129.24997120001353 21.73207640001783 0 CVXQP1_L
0.9223375000292436 0.9029444999760016 1 CVXQP1_M
0.0334759000106714 0.0061965000350028 1 CVXQP1_S
120.81544879998546 13.928047699970191 0 CVXQP2_L
0.4847363999579102 0.6524307000217959 1 CVXQP2_M
0.037861899996642 0.0063577000400982 1 CVXQP2_S
131.20768490002956 14.23421630001394 0 CVXQP3_L
1.2715398999862373 1.1925953999743797 1 CVXQP3_M
0.0372086999705061 0.0106735000154003 1 CVXQP3_S
0.0301168999867513 0.00295150000602 1 DPKLO1
0.293122700008098 0.0431686999509111 1 DTOC3
0.022445999959018 0.0064855000237002 1 DUAL1
0.0217380999820306 0.0082763999816961 1 DUAL2
0.0299056000076234 0.0161424000398255 1 DUAL3
0.013895499985665 0.0057777999900281 1 DUAL4
0.0206315999967046 0.0030756000196561 1 DUALC1
0.0159334000200033 0.0027961999876424 1 DUALC2
0.0129182999953627 0.0028995999600738 1 DUALC5
0.0213629999780096 0.0057604000321589 1 DUALC8
34.35524870001245 4.194637699984014 1 EXDATA
0.003097400011029 0.001 1 GENHS28
0.069805399980396 0.0190130000119097 1 GOULDQP2
0.0745468999957665 0.0085706000099889 1 GOULDQP3
0.0097028000163845 0.001 1 HS118
0.0075645000324584 0.001 1 HS21
0.0136661999858915 0.001 1 HS268
0.0044786999933421 0.001 1 HS35
0.0060935000074096 0.001 1 HS35MOD
0.0030106999911367 0.001 1 HS51
0.0025195999769493 0.001 1 HS52
0.0048598999856039 0.001 1 HS53
0.006221700052265 0.001 1 HS76
0.3837072000023909 0.1316947999875992 0 HUES-MOD
0.3835258000181056 0.10948849999113 0 HUESTIS
0.2989593999809585 0.0399026999948546 0 KSIP
0.1434046999784186 0.0171537000569514 1 LASER
1.2051653999951668 1.351554099994246 0 LISWET1
1.1478817000170238 0.334654500009492 0 LISWET10
1.2344874999835156 1.4179966999799944 0 LISWET11
1.1710234999773093 1.0554472000221722 0 LISWET12
0.7550113999750465 0.2666947000543587 1 LISWET2
0.5250628999783657 0.2528970999992452 1 LISWET3
0.6329880999983288 0.5767062000231817 1 LISWET4
0.6861761000473052 0.205162400030531 1 LISWET5
0.7316547999507748 0.338661800022237 1 LISWET6
1.1941236999700775 1.3944660000270233 0 LISWET7
1.1657170000253243 1.302827800041996 0 LISWET8
1.159944900020491 1.3482795000309125 0 LISWET9
0.0057370999711565 0.001 1 LOTSCHD
0.127729800005909 0.0384743000031448 1 MOSARQP1
0.1043979999958537 0.0210973999928683 1 MOSARQP2
1.233990899985656 0.2653754000202752 1 POWELL20
0.0576129000401124 0.0202630999847315 1 PRIMAL1
0.070445799967274 0.0156002999865449 1 PRIMAL2
0.1706268999841995 0.0660743999760598 1 PRIMAL3
0.1604235999984666 0.0485309000359848 1 PRIMAL4
0.0261101000360213 0.0042551000369712 1 PRIMALC1
0.0260441999998874 0.0045425000134855 1 PRIMALC2
0.0237862999783828 0.0065527000115253 1 PRIMALC5
0.0948924000258557 0.0329249000060372 1 PRIMALC8
5.202037699986249 2.3859070999897085 1 Q25FV47
0.0348269999958574 0.006544700008817 1 QADLITTL
0.0265668000211007 0.0022719000116921 1 QAFIRO
0.1620649000396952 0.054579299991019 1 QBANDM
0.1160226999782025 0.0883109000278636 1 QBEACONF
0.0937152000260539 0.0399297999683767 1 QBORE3D
0.1286561000160873 0.0314135000226087 1 QBRANDY
0.3393646999611519 0.0770815999712795 1 QCAPRI
0.1042390000075101 0.0611006999970413 1 QE226
0.4859570999979041 0.833610099973157 1 QETAMACR
0.6495730000315234 0.2752625999855809 1 QFFFFF80
0.1892903000116348 0.0762747999979183 1 QFORPLAN
0.2163867999915965 0.0917646000161767 1 QGFRDXPN
0.2146504999836906 0.1108853000332601 1 QGROW15
0.3702788999653421 0.1608563999761827 1 QGROW22
0.1165673999930732 0.0538465999998152 1 QGROW7
0.1176954000256955 0.3770089000463485 1 QISRAEL
0.0434270999976433 0.0075415999745018 1 QPCBLEND
0.2225824999623 0.0713136999984271 1 QPCBOEI1
0.1027662000269629 0.0269035999663174 1 QPCBOEI2
0.246778099972289 0.0825635999790392 1 QPCSTAIR
1.3110174000030383 5.124190000002272 1 QPILOTNO
0.0144412000081501 0.001 1 QPTEST
0.0579201999935321 0.0134887000313028 1 QRECIPE
0.0607676000217907 0.012434399977792 1 QSC205
0.0973816000041551 0.0383136000018566 1 QSCAGR25
0.0600403000134974 0.0091506000026129 1 QSCAGR7
0.2585699000046588 0.0521029999945312 1 QSCFXM1
0.5815823000157252 0.1899544000043533 1 QSCFXM2
0.6686169999884441 0.2614512000000104 1 QSCFXM3
0.07881339994492 0.0172626000130549 1 QSCORPIO
0.2424235999933444 0.1353413999895565 1 QSCRS8
0.1038848000462167 0.0285671000019647 1 QSCSD1
0.2239744999678805 0.0642504999996163 1 QSCSD6
0.3460666000028141 0.1194822000106796 1 QSCSD8
0.0991607999894768 0.0315584000200033 1 QSCTAP1
0.3628962999791838 0.0960252999793738 1 QSCTAP2
0.4973307000473141 0.1423217999981716 1 QSCTAP3
0.3539313999935984 0.1248182000126689 1 QSEBA
0.0871428999816998 0.0458815000019967 1 QSHARE1B
0.0765410999883897 0.0071909999824129 1 QSHARE2B
0.1559866999741643 0.3868158000404946 1 QSHELL
0.0849877999862656 0.0250735000008717 1 QSHIP04L
0.0660666999756358 0.0112388000125065 1 QSHIP04S
0.6039331999490969 0.5497911000275053 1 QSHIP08L
0.1570875999750569 0.0587734999717213 1 QSHIP08S
1.0014968999894336 0.8449818000080995 1 QSHIP12L
0.1890072000096552 0.0654435000033117 1 QSHIP12S
0.1145470999763347 0.0845740999793633 1 QSIERRA
0.0805614999844692 0.0373020999832078 1 QSTAIR
0.0657485999981872 0.0119697999907657 1 QSTANDAT
0.0037709000171162 0.001 1 S268
0.3949324999703094 0.0274311000248417 1 STADAT1
0.1580203000339679 0.0779837000300176 1 STADAT2
0.2761415999848395 0.2096101000206545 1 STADAT3
0.2575177999678999 0.3339232999715023 1 STCQP1
0.5018926999764517 0.4300516999792307 1 STCQP2
0.0017464999691583 0.001 1 TAME
1.8366918000392616 0.236081600014586 0 UBH1
0.0157596000353805 0.0040857000276446 1 VALUES
0.125833700003568 0.0346075000124983 0 YAO
0.0022778999991714 0.001 1 ZECEVIC2
